<?xml version="1.0"?>
<opencv_storage>
<calibration_Time>"Fri 24 Jan 2020 01:57:49 PM EST"</calibration_Time>
<nrOfFrames>30</nrOfFrames>
<image_Width>640</image_Width>
<image_Height>480</image_Height>
<board_Width>6</board_Width>
<board_Height>8</board_Height>
<square_Size>1.1399999856948853e+00</square_Size>
<!-- flags:  +zero_tangent_dist -->
<flagValue>8</flagValue>
<Camera_Matrix type_id="opencv-matrix">
  <rows>3</rows>
  <cols>3</cols>
  <dt>d</dt>
  <data>
    -1.2362610934957274e-12 6.0085144559716070e+06
    1.0042990759649953e+05 0. -5.8403504496003297e+03
    3.0889063051382497e+18 0. 0. 1.</data></Camera_Matrix>
<Distortion_Coefficients type_id="opencv-matrix">
  <rows>4</rows>
  <cols>1</cols>
  <dt>d</dt>
  <data>
    6.3796284522776737e-03 -1.3882830744806127e-01
    1.3661199851428804e-01 -4.8369931323445151e-02</data></Distortion_Coefficients>
<Avg_Reprojection_Error>3.0889063944227389e+18</Avg_Reprojection_Error>
<Per_View_Reprojection_Errors type_id="opencv-matrix">
  <rows>30</rows>
  <cols>1</cols>
  <dt>f</dt>
  <data>
    3.08890639e+18 3.08890639e+18 3.08890639e+18 3.08890639e+18
    3.08890639e+18 3.08890639e+18 3.08890639e+18 3.08890639e+18
    3.08890639e+18 3.08890639e+18 3.08890639e+18 3.08890639e+18
    3.08890639e+18 3.08890639e+18 3.08890639e+18 3.08890639e+18
    3.08890639e+18 3.08890639e+18 3.08890639e+18 3.08890639e+18
    3.08890639e+18 3.08890639e+18 3.08890639e+18 3.08890639e+18
    3.08890639e+18 3.08890639e+18 3.08890639e+18 3.08890639e+18
    3.08890639e+18 3.08890639e+18</data></Per_View_Reprojection_Errors>
<!-- a set of 6-tuples (rotation vector + translation vector) for each view -->
<Extrinsic_Parameters type_id="opencv-matrix">
  <rows>30</rows>
  <cols>6</cols>
  <dt>d</dt>
  <data>
    -4.6684550909300210e-01 -1.2644132071948994e-01
    5.0640737285722860e-02 -4.5498205983888687e+00
    -5.1519763566267229e-01 1.1648101717863618e+01
    -5.0257594423795293e-01 -3.2797709687947180e-02
    3.9413046672130796e-02 -3.7702991906106633e+00
    -1.0250860907851809e+00 9.5713012347309565e+00
    -4.3613715575331474e-01 -7.8733532027360123e-02
    5.7540892013802240e-02 -3.2328693083364470e+00
    -1.7022646328573883e+00 6.8442762517438718e+00
    -3.8565350900386464e-01 -1.0094909235629029e-01
    8.5569225355323505e-02 -2.9979570591812537e+00
    -2.0114850123622841e+00 5.5152017087427563e+00
    -3.6185733922684554e-01 1.9560243043871098e-01
    5.2587890838811199e-02 -2.5264771378827930e+00
    -1.8959828409393236e+00 6.8991954677103466e+00
    -4.3603418377241498e-01 6.1692479904707365e-01
    1.9847802270760570e-01 -2.0926228171612596e-01
    -2.2298309629175144e+00 9.6978270120104693e+00
    -3.7848243434230699e-01 -5.3875178206591767e-02
    2.4088673243677827e-01 -1.7850070460845855e+00
    -2.6497359595348655e+00 7.1672664307811136e+00
    -3.3393989654979039e-01 -6.1324900017309969e-01
    6.6103347899930234e-02 -4.5855130099083148e+00
    -1.7539373780311811e+00 5.6879083997411373e+00
    -5.3267436567747917e-01 -3.4768938546189587e-01
    3.0619447136765891e-02 -5.3058145388482281e+00
    -1.2780309286073008e+00 7.3160074021607020e+00
    -2.8823594219709303e-01 -1.3643652488998051e-01
    7.6273181518169281e-02 -4.8769979242900536e+00
    -1.6523100776872190e+00 7.7452261261574504e+00
    1.3944821625260576e-01 -1.9422425908553445e-01
    -2.7565378850939404e-02 -3.9181561160971823e+00
    -3.7767752791051307e-01 4.6829704430000509e+00
    1.2979156354389307e-01 -1.1833489438227675e-01
    -6.0061909573388159e-04 -3.2374950990779694e+00
    -5.8311269033510638e-01 4.9521297130703683e+00
    9.2353476930679357e-02 -1.4748693768368282e-01
    3.2396202322182023e-02 -3.2085270381735325e+00
    -7.3583813775033990e-01 5.0788717518951172e+00
    -5.8014904709545366e-02 -1.2347224880304818e-01
    4.7438502821122393e-02 -3.3026081616021812e+00
    -1.0223284947484463e+00 5.6550559980895638e+00
    -2.0069706581832589e-01 2.4746969671386401e-01
    1.2890153396259332e-01 -1.5935766374538487e+00
    -1.5700471128100493e+00 7.1081698642965012e+00
    -2.2395367201219640e-01 6.0783935435072756e-01
    9.1658068337897733e-02 -9.9909112618388518e-01
    -1.1823836117226072e+00 8.6694737096698908e+00
    -2.5913487755904341e-01 6.7680896975652605e-01
    1.0454227438383847e-01 -5.4602401351396834e-01
    -1.0893203389709365e+00 9.4063198065595621e+00
    -3.6792537164157829e-01 8.2013749110798354e-02
    1.2982023582374222e-01 -3.4018983900765831e+00
    -1.1813762258663125e+00 7.8134424398732820e+00
    -4.2351329414643640e-01 -5.0541868234329801e-01
    2.3146124862248586e-02 -7.0342660078114285e+00
    -9.4986370285994493e-01 8.1766867750502570e+00
    -4.2570932022324898e-01 -4.3228598673234514e-01
    1.0282094980339526e-01 -7.1928711150428484e+00
    -1.2097855491763116e+00 8.4855814437736115e+00
    -4.2855514451267374e-01 3.6475009166815542e-01
    1.0726447882946237e-01 -4.1627225379032904e+00
    -4.8674679707176305e-01 1.1013973366560585e+01
    -3.7314801228930300e-01 8.8791663266541498e-01
    1.9032067768879601e-01 1.0711161433231324e+00
    -1.1166142092162397e-01 1.3209050108127810e+01
    -1.3969572340456385e-01 5.0630251475717369e-01
    1.4606441602026696e-01 -3.6608919316426475e-01
    -1.2664576639091603e+00 1.2143374716156718e+01
    1.4346555316547427e-01 -2.4437706091921009e-03
    1.9880302868730071e-01 -2.1401249052064042e+00
    -7.6046879022205272e-01 9.3572363177214353e+00
    1.2626070919852986e-01 -4.0746492878114743e-02
    2.4069211538444094e-01 -2.3824900880344715e+00
    -5.2742207709362698e-01 1.0277298225957432e+01
    -1.7898715584270181e-01 1.4312806024867777e-01
    1.2803428366558792e-01 -4.1439673058606168e+00
    -1.2499436479714374e+00 1.3479820170761959e+01
    -8.8235866161919785e-01 1.5044557645633061e-01
    2.2902725226621175e-02 -5.3106778362464846e+00
    1.7948968278878261e-01 1.5144357185856448e+01
    -6.3455597999041158e-01 3.8070774044975758e-01
    2.1910228176550947e-01 -2.6776158193729889e+00
    7.8226532641625893e-02 1.2622730501704407e+01
    -2.9199174084791957e-01 1.0035508377236859e+00
    2.6190781598351182e-01 1.6402266849273111e+00 3.2927977808498632e-01
    1.0829056580588365e+01 -3.2590900827188685e-01
    6.7620886894296806e-01 1.8016795272615066e-01
    -7.0973056202058660e-01 1.5783831562541040e-01
    9.5844021621081605e+00</data></Extrinsic_Parameters>
